
-0  iOS1  1
-1  iOS2  2
-2  Azur1 3
-3  Pyth  3
-4  Azur2 2
-5  IoT   1
-6  Andr1 2
-7  Andr2 1
-8  Java1 2
-9  Java2 3
-10 Scala 3
-11 AWS1  2
-12 Cloud 1
-13 AWS2  2

sessionList:
 { '0': 1,
  '1': 1,
  '2': 2,
  '3': 3,
  '4': 3,
  '5': 2,
  '6': 1,
  '7': 2,
  '8': 1,
  '9': 2,
  '10': 3,
  '11': 3,
  '12': 2,
  '13': 1,
  '14': 2 }

Best score: 15
--- best schedule ---
 [ [ 1, 7, 11, 14, 8 ],
  [ 13, 7, 11, 14, 10 ],
  [ 9, 0, 11, 6, 10 ],
  [ 9, 4, 5, 2, 10 ],
  [ 3, 4, 5, 2, 0 ],
  [ 3, 4, 0, 12, 0 ],
  [ 3, 0, 0, 12, 0 ] ]

Best score: 13
--- best schedule ---
 [ [ 3, 2, 14, 6, 12 ],
  [ 3, 2, 14, 9, 12 ],
  [ 3, 13, 10, 9, 5 ],
  [ 4, 7, 10, 11, 5 ],
  [ 4, 7, 10, 11, 0 ],
  [ 4, 1, 0, 11, 0 ],
  [ 0, 8, 0, 0, 0 ] ]


